2.4021	1.76582142288	0.0307712082407	0.0505025
4.80421	1.76594485978	0.0615859874127	0.202282
7.20631	1.76615164705	0.092488207641	0.456158
9.60842	1.76644146818	0.123522040973	0.813505
12.0105	1.76681463907	0.154732483041	1.27627
14.4126	1.76727232969	0.186164794457	1.84698
16.8147	1.76781520814	0.217866037953	2.52879
19.2168	1.76844480421	0.249884664239	3.32551
21.6189	1.76916150713	0.28227008352	4.24163
24.021	1.76996759979	0.315073732733	5.28238
26.4232	1.77086324723	0.348349333245	6.4538
28.8253	1.77185117551	0.382153233893	7.7628
31.2274	1.77293328101	0.416544461329	9.21724
33.6295	1.77411076748	0.451584573023	10.826
36.0316	1.77538662681	0.487340693581	12.5992
38.4337	1.77676269344	0.523884509717	14.5483
40.8358	1.77824132703	0.56128687616	16.6859
43.2379	1.77982536628	0.59962933157	19.0265
45.64	1.78151799473	0.63900012451	21.5865
48.0421	1.78332155752	0.679491151475	24.3842
50.4442	1.78523998453	0.721204190517	27.4404
52.8463	1.78727559853	0.764246577848	30.7784
55.2484	1.78943324153	0.808738621117	34.4248
57.6505	1.79171546038	0.854813542876	38.41
60.0526	1.79412699464	0.902612385896	42.7681
62.4547	1.7966720409	0.952294782759	47.5384
64.8568	1.79935443141	1.00403518154	52.7657
67.2589	1.80217950073	1.05803000914	58.5017
69.661	1.80515150662	1.11449507086	64.8057
72.0631	1.80827561996	1.17367375521	71.7465
74.4652	1.81155717407	1.23583832586	79.4039
76.8673	1.81500233748	1.30129675209	87.8711
79.2695	1.81861576111	1.37039457218	97.257
81.6716	1.82240495948	1.44352680496	107.69
84.0737	1.82637582565	1.52114942249	119.323
86.4758	1.83053490228	1.60377237553	132.336
88.8779	1.83488986516	1.69199316856	146.946
91.28	1.83944832464	1.78649505056	163.413
93.6821	1.84421685912	1.88808188999	182.054
96.0842	1.84920586841	1.99766976681	203.251
98.4863	1.8544222677	2.11635606631	227.478
100.888	1.85987513955	2.24540988658	255.316
103.29	1.86557480004	2.38634472045	287.491
105.693	1.87152999964	2.54094534654	324.911
108.095	1.8777513974	2.71131731558	368.717
110.497	1.88424951193	2.89997742652	420.36
112.899	1.8910345679	3.10989061231	481.683
115.301	1.89811866343	3.3445384532	555.034
117.703	1.90551228809	3.60795510731	643.4
120.105	1.91322622305	3.90466900579	750.538
122.507	1.92127301688	4.23947186629	881.059
124.909	1.92966194819	4.61684263784	1040.35
127.312	1.93840478809	5.03964349845	1234.03
129.714	1.94750972279	5.5066024646	1466.42
132.116	1.95698677573	6.00779112781	1737.05
134.518	1.96684052819	6.51811077988	2034.44
136.92	1.97707550341	6.99026406947	2327.74
139.322	1.98769195989	7.35423151511	2562.69
141.724	1.99868614804	7.53348873606	2674.35
144.126	2.01004631122	7.47957538865	2621.31
146.528	2.02175561644	7.20153072073	2415.97
148.93	2.03378467645	6.76079684661	2116.71
151.333	2.04609267626	6.23662999731	1790.38
153.735	2.05862046157	5.69476635909	1483.7
156.137	2.07129004797	5.17627866309	1218.33
158.539	2.0839917165	4.70106107499	998.772
160.941	2.09659594143	4.27548045652	821.156
163.343	2.10892021478	3.89864877761	678.795
165.745	2.12072675087	3.56643893259	564.879
168.147	2.13175222764	3.2737661985	473.51
170.549	2.1416348162	3.01547735951	399.887
172.952	2.14994471003	2.78691423157	340.244
175.354	2.15613232515	2.58399019271	291.66
177.756	2.15964500371	2.40338072738	251.903
180.158	2.15976264432	2.24218625774	219.234
182.56	2.15571452831	2.09806072022	192.316
184.962	2.14668082724	1.9690743026	170.109
187.364	2.13176500988	1.85360592726	151.798
189.766	2.11035110028	1.7505063255	136.755
192.168	2.08180043678	1.6587019566	124.471
194.57	2.04579746367	1.57739257892	114.548
196.973	2.00233762851	1.50589379297	106.665
199.375	1.95202797247	1.44385037375	100.584
201.777	1.89583547864	1.39082992206	96.0988
204.179	1.83521060059	1.34655117787	93.053
206.581	1.77194101597	1.31079825738	91.3257
208.983	1.70798463216	1.28339363405	90.8252
211.385	1.64528359133	1.26412802612	91.477
213.787	1.5855256118	1.25294984973	93.2534
216.189	1.5301242909	1.24964075844	96.1201
218.592	1.4800481631	1.2540203782	100.07
220.994	1.43584743132	1.26590529101	105.115
223.396	1.39769787654	1.2850908572	111.282
225.798	1.3656219095	1.31133347436	118.595
228.2	1.33898264263	1.34454096232	127.158
230.602	1.31745635558	1.38451794938	137.035
233.004	1.30049681225	1.43114092285	148.329
235.406	1.28753716455	1.48433752824	161.167
237.808	1.278025988	1.54411305333	175.707
240.21	1.27144943526	1.61052095056	192.134
242.613	1.26755019899	1.68360377555	210.613
245.015	1.26550925333	1.76376873269	231.52
247.417	1.26517060436	1.85123485868	255.12
249.819	1.26622683802	1.94639142764	281.786
252.221	1.26841776883	2.04973361107	311.963
254.623	1.27152442435	2.16184996986	346.176
257.025	1.27536191119	2.28342431548	385.044
259.427	1.2797777634	2.41522664782	429.291
261.829	1.28464467579	2.55810430465	479.76
264.232	1.29000885393	2.71253801722	537.192
266.634	1.29549667766	2.88016079305	603.07
269.036	1.30117227149	3.06134020618	678.358
271.438	1.30697660893	3.25653778972	764.214
273.84	1.31286158334	3.46566726396	861.639
276.242	1.31878735517	3.68772439517	971.209
278.644	1.32472133137	3.92023008883	1092.62
281.046	1.3306355948	4.15856857519	1224.05
283.448	1.33650840709	4.3951237636	1361.26
285.85	1.34232007396	4.61878291998	1496.82
288.253	1.34790997649	4.81334650817	1618.84
290.655	1.3535529174	4.96451474185	1714.94
293.057	1.35908863704	5.05409784486	1770.15
295.459	1.36450393794	5.06973249767	1774.05
297.861	1.3697857482	5.00725369476	1723.92
300.263	1.37492047529	4.87226768597	1626.13
302.665	1.37989351895	4.67839425301	1493.89
305.067	1.38468804081	4.4434863076	1342.97
307.469	1.38928520985	4.18535905182	1187.53
309.871	1.39366370302	3.91909792651	1037.97
312.274	1.39779785145	3.65579756098	900.514
314.676	1.40165800399	3.40284381356	778.059
317.078	1.40434847372	3.16313429112	671.013
319.48	1.40746700746	2.94173714581	579.082
321.882	1.4101821044	2.73772570744	500.582
324.284	1.41244283981	2.55089147823	433.894
326.686	1.41419325312	2.38053859343	377.409
329.088	1.41537409556	2.22575255912	329.65
331.49	1.41592540131	2.08555973518	289.318
333.893	1.41579050037	1.95901956685	255.299
336.295	1.41492045604	1.84527250406	226.652
338.697	1.41328130573	1.74357315208	202.592
341.099	1.41086564126	1.65328351084	182.465
343.501	1.4076989859	1.57387955646	165.731
345.903	1.40384995256	1.50493188397	151.944
348.305	1.39943798402	1.44608095822	140.735
350.707	1.39438512828	1.39634387135	131.696
353.109	1.38937674126	1.35691037628	124.811
355.511	1.38444833189	1.32676645872	119.752
357.914	1.37986385108	1.30564576346	116.355
360.316	1.37587358429	1.29327700946	114.492
362.718	1.37269139048	1.28934119408	114.06
365.12	1.37047376118	1.29350139148	114.983
367.522	1.36931179355	1.30539160851	117.206
369.924	1.36923072476	1.32462845199	120.693
372.326	1.37019757778	1.3508389244	125.428
374.728	1.37213547677	1.38366427846	131.412
377.13	1.37493851683	1.42277640742	138.663
379.533	1.37848608024	1.4678847011	147.215
381.935	1.38265458547	1.51875354381	157.12
384.337	1.38732781186	1.57520541382	168.448
386.739	1.39239840241	1.63712637318	181.289
389.141	1.39777412375	1.70444936324	195.75
391.543	1.40337677557	1.77719032481	211.965
393.945	1.41099301444	1.8548284885	229.643
396.347	1.41680377917	1.93866677004	249.843
398.749	1.42268647603	2.02830755653	272.351
401.151	1.42861111865	2.12400056138	297.417
403.554	1.43455418887	2.22604490324	325.328
405.956	1.44049900016	2.33479077506	356.413
408.358	1.44643527038	2.4506228555	391.043
410.76	1.45235440181	2.57394541796	429.632
413.162	1.45825231047	2.7051693342	472.636
415.564	1.46412700901	2.8446815292	520.546
417.966	1.46997783605	2.99277608946	573.863
420.368	1.47580527837	3.14961036817	633.075
422.77	1.48161139908	3.3150869408	698.596
425.173	1.48739703382	3.48871507292	770.681
427.575	1.49316464828	3.6694236284	849.295
429.977	1.49891466548	3.85531916691	933.93
432.379	1.50464812787	4.04339726847	1023.36
434.781	1.51036364775	4.22924665773	1115.36
437.183	1.5160606884	4.40680747393	1206.43
439.585	1.52173447978	4.56830302089	1291.64
441.987	1.52737892982	4.70458190035	1364.79
444.389	1.53298607179	4.80586936641	1418.98
446.791	1.53854212495	4.86310003017	1447.73
449.194	1.54403190402	4.86966484003	1446.48
451.596	1.54865519646	4.81751746263	1411.44
453.998	1.5537576331	4.7188682486	1349.78
456.4	1.55868016651	4.57511943736	1264.79
458.802	1.56337485472	4.39560886173	1163.98
461.204	1.56778263664	4.19095201891	1055.14
463.606	1.57183176409	3.97143694057	945.061
466.008	1.57543266352	3.74592542338	838.859
468.41	1.57848105275	3.52142128833	739.89
470.812	1.5808493613	3.30300038588	649.976
473.215	1.58238914136	3.09407662658	569.796
475.617	1.58292689061	2.89673055047	499.259
478.019	1.58226474169	2.71208368109	437.822
480.421	1.58018224154	2.54058279487	384.707
482.823	1.57643743507	2.38224050389	339.051
485.225	1.5707798998	2.23680781777	299.994
487.627	1.5629589501	2.10390865701	266.733
490.029	1.55275035054	1.98310283351	238.539
492.431	1.53997553391	1.87395626145	214.771
494.834	1.52453739105	1.77606346813	194.872
497.236	1.50645604453	1.68906574278	178.364
499.638	1.48589687533	1.61264598727	164.839
502.04	1.46319436724	1.54653519681	153.953
504.442	1.43885523877	1.49048591025	145.415
506.844	1.41353352793	1.44427075698	138.983
509.246	1.38798777537	1.40765432499	134.455
511.648	1.36301065823	1.38038273138	131.665
514.05	1.33935697881	1.36216549107	130.477
516.452	1.31767276439	1.35267197387	130.782
518.855	1.29844653141	1.35153762034	132.496
521.257	1.28198480265	1.35835701221	135.555
523.659	1.26841571354	1.37270151544	139.914
526.061	1.26352619027	1.39308164864	144.657
528.463	1.25523080479	1.42130550309	151.573
530.865	1.24942042079	1.45579079215	159.757
533.267	1.24581706772	1.49615975684	169.228
535.669	1.24412287066	1.54209224873	180.023
538.071	1.24404378666	1.59330972267	192.192
540.474	1.24530341395	1.64960215397	205.804
542.876	1.24765179856	1.71080131779	220.941
545.278	1.25086886885	1.77680501155	237.705
547.68	1.25476566985	1.84756257888	256.216
550.082	1.25918140031	1.92307031196	276.613
552.484	1.26398244935	2.00338159772	299.059
554.886	1.26905811966	2.08858254898	323.737
557.288	1.2743183711	2.17879459475	350.853
559.69	1.27968921638	2.27417062988	380.638
562.092	1.28511115931	2.37487284114	413.343
564.495	1.29053636984	2.48107296664	449.241
566.897	1.29592681591	2.59291014557	488.613
569.299	1.30125063248	2.71048689962	531.746
571.701	1.30648332755	2.83380724442	578.905
574.103	1.31160454055	2.96274053154	630.311
576.505	1.3165972524	3.09693925065	686.093
578.907	1.32144751299	3.23575147809	746.227
581.309	1.32614228809	3.37809680995	810.447
583.711	1.33067080265	3.52233515623	878.135
586.114	1.33502169628	3.66609974721	948.18
588.516	1.33918423449	3.80616733278	1018.84
590.918	1.34314642946	3.93830188927	1087.59
593.32	1.34689607818	4.05736380209	1151.13
595.722	1.35041843414	4.15732993433	1205.4
598.124	1.35369796017	4.23190949443	1246.01
600.526	1.35671573074	4.27505831569	1268.72
602.928	1.35945072983	4.28199529966	1270.28
605.33	1.36187757112	4.25007177907	1249.18
607.732	1.36396806365	4.17929548975	1206.07
610.135	1.36568907358	4.07257865148	1143.82
612.537	1.36700269221	3.93516817926	1066.91
614.939	1.36786610228	3.77388689279	980.629
617.341	1.36823095805	3.59608482561	890.166
619.743	1.36804413006	3.40881358853	799.976
622.145	1.36724693593	3.2182175955	713.435
624.547	1.36577710013	3.0292691953	632.8
626.949	1.3635705084	2.845730628	559.346
629.351	1.36056215412	2.67028176061	493.59
631.753	1.35756806321	2.4925173606	431.008
634.156	1.35246830691	2.3381049579	380.69
636.558	1.34638366675	2.19542420391	337.162
638.96	1.3393138119	2.06472880255	299.788
641.362	1.33130002071	1.94607018277	267.924
643.764	1.32243626918	1.8393550165	240.95
646.166	1.31288156493	1.74441729553	218.296
648.568	1.30286346656	1.66105670865	199.453
650.97	1.29267899831	1.58903539364	183.97
653.372	1.28268118677	1.52809525165	171.456
655.775	1.27325734768	1.47795053067	161.575
658.177	1.26479685897	1.43827010786	154.039
660.579	1.2576545837	1.40867451852	148.604
662.981	1.25211489543	1.38873579289	145.066
665.383	1.24836553308	1.37796271807	143.253
667.785	1.24648601413	1.37581439264	143.022
670.187	1.2464478807	1.3817349587	144.26
672.589	1.24813335477	1.39513013301	146.872
674.991	1.25135838455	1.41542715814	150.787
677.393	1.25589819328	1.44207355298	155.952
679.796	1.26151228795	1.47455119986	162.33
682.198	1.2679667208	1.5123909115	169.899
684.6	1.27504327927	1.55518600664	178.653
687.002	1.28255105297	1.602583224	188.598
689.404	1.29032819853	1.65429761462	199.755
691.806	1.29824246174	1.71010727515	212.159
694.208	1.30618912349	1.76984213046	225.857
696.61	1.31408678996	1.83338324107	240.909
699.012	1.32187464739	1.90066919139	257.391
701.415	1.32950872164	1.97167435082	275.391
703.817	1.33695809583	2.04642421807	295.015
706.219	1.34420216093	2.12497046478	316.382
708.621	1.35122879541	2.2073960967	339.627
711.023	1.35803072751	2.29380790471	364.901
713.425	1.36460544795	2.3843319646	392.371
715.827	1.37095353314	2.47909355735	422.215
718.229	1.37707747173	2.57821216457	454.621
720.631	1.38297920164	2.68178498291	489.782
723.033	1.38866286496	2.78985716594	527.883
725.436	1.39413096281	2.90239556586	569.089
727.838	1.39938588932	3.01924132768	613.52
730.24	1.40442861228	3.14006659352	661.224
732.642	1.40925831563	3.26429240114	712.128
735.044	1.41387275246	3.39100409374	765.979
737.446	1.41826727505	3.51885613896	822.272
739.848	1.42243417802	3.6459431806	880.153
742.25	1.42636325485	3.7697009381	938.327
744.652	1.43004073362	3.8867997954	994.962
747.055	1.433448537	3.99313397383	1047.65
749.457	1.43656381931	4.08393322459	1093.46
751.859	1.43935969779	4.15391781578	1129.06
754.261	1.44180226881	4.1978957078	1151.14
756.663	1.44385127631	4.21128347303	1156.85
759.065	1.44545902991	4.19085604142	1144.38
761.467	1.44656962401	4.13536549421	1113.42
763.869	1.44711656831	4.04593356894	1065.38
766.271	1.44702376985	3.92586617518	1003.15
768.673	1.44620510678	3.78036374101	930.696
771.076	1.44456108815	3.61561119809	852.311
773.478	1.44198242786	3.43811811606	772.062
775.88	1.43834856254	3.25400368706	693.334
778.282	1.43353105805	3.0685787401	618.64
780.684	1.42739729691	2.88614418576	549.619
783.086	1.41981740267	2.70998988471	487.162
785.488	1.41066994236	2.54247135786	431.576
787.89	1.40865517081	2.36145078518	372.841
790.292	1.39579717026	2.21553649512	331.212
792.695	1.3811320573	2.08179639939	295.537
795.097	1.36474606997	1.96047718738	265.242
797.499	1.34682959952	1.85160970465	239.749
799.901	1.32769323689	1.75510549115	218.514
802.303	1.30776895267	1.67077600204	201.037
804.705	1.28759570255	1.59836306026	186.871
807.107	1.26778813027	1.53756139305	175.626
809.509	1.24898862632	1.48799502902	166.961
811.911	1.23180659198	1.44923385181	160.585
814.313	1.2167624418	1.42077351045	156.248
816.716	1.20424068783	1.4020542127	153.74
819.118	1.19446481483	1.39245445416	152.883
821.52	1.18749363562	1.3913244099	153.531
823.922	1.18323958866	1.39799050186	155.563
826.324	1.1815003344	1.41178195544	158.881
828.726	1.18199627182	1.43204535468	163.406
831.128	1.18440582354	1.4581798969	169.08
833.53	1.18839706865	1.48962369107	175.858
835.932	1.19365191372	1.52588685548	183.712
838.334	1.1998771055	1.56654070399	192.627
840.737	1.20681488628	1.61122767689	202.602
843.139	1.2142457924	1.65964578244	213.646
845.541	1.2219866338	1.71156188127	225.782
847.943	1.22988860572	1.76679281418	239.043
850.345	1.23783303295	1.82521201879	253.475
852.747	1.24572595797	1.88674270991	269.137
855.149	1.2534952489	1.95133556007	286.096
857.551	1.26108574062	2.01899069659	304.435
859.953	1.26845614503	2.08973444537	324.248
862.356	1.27557529907	2.16361705813	345.641
864.758	1.28242154977	2.24070941043	368.732
867.16	1.28897823264	2.32109941843	393.652
869.562	1.29523271442	2.40487086734	420.539
871.964	1.30117710189	2.49210936125	449.54
874.366	1.30680413892	2.58287061704	480.801
876.768	1.31210722879	2.67717833084	514.465
879.17	1.31708166449	2.7749839209	550.654
881.572	1.32172019836	2.87614592327	589.458
883.974	1.32601587037	2.98037605516	630.905
886.377	1.3299595539	3.08719875168	674.934
888.779	1.33354037626	3.19586270405	721.341
891.181	1.33674476365	3.3052793658	769.73
893.583	1.33955722711	3.41391843448	819.437
895.985	1.34195770854	3.51971249401	869.453
898.387	1.34392301482	3.61998080125	918.351
900.789	1.34542680487	3.71139244416	964.238
903.191	1.34643684185	3.78999713639	1004.76
905.593	1.34691649965	3.8513794653	1037.2
907.996	1.34682473467	3.8909963234	1058.72
910.398	1.34611528082	3.90465890454	1066.73
912.8	1.34473438034	3.88911387633	1059.34
915.202	1.3426259742	3.84262584304	1035.79
917.604	1.33972676457	3.76541363652	996.735
920.006	1.33597124458	3.65975440817	944.229
922.408	1.33129078345	3.52973932124	881.42
924.81	1.3256171344	3.38071016698	812.023
927.212	1.31888688331	3.21858362501	739.763
929.614	1.31104508489	3.04919207246	667.917
932.017	1.30205186746	2.87780101262	599.051
934.419	1.29189286719	2.70882730633	534.942
936.821	1.28058823703	2.54574660102	476.641
939.223	1.26820366653	2.39115037085	424.615
941.625	1.25486406374	2.2468536775	378.899
944.027	1.24076291505	2.11404666564	339.243
946.429	1.22617022562	1.99344249196	305.23
948.831	1.21143305653	1.88539698288	276.361
951.233	1.19696724055	1.78999116909	252.11
953.636	1.18323948176	1.70712774745	231.969
956.038	1.17073515179	1.63653523888	215.458
958.44	1.15992115579	1.57784260669	202.148
960.842	1.15120438117	1.53055432075	191.653
963.244	1.14489199456	1.49409921944	183.639
965.646	1.14116692419	1.46782237869	177.815
968.048	1.14007505643	1.4510126121	173.932
970.45	1.1415311821	1.44292462328	171.779
972.852	1.14533886499	1.44279853567	171.178
975.254	1.15122067032	1.44987886456	171.979
977.657	1.15885043617	1.46343743834	174.057
980.059	1.16788508316	1.48280431069	177.312
982.461	1.1779887855	1.50735709061	181.661
984.863	1.18885104662	1.53655054166	187.041
987.265	1.20019912211	1.56989544724	193.401
989.667	1.21180026989	1.60698381289	200.707
992.069	1.22346511914	1.64747651601	208.938
994.471	1.2350426295	1.69108565184	218.082
996.873	1.24641685935	1.73759295763	228.141
999.275	1.25750118909	1.7868299769	239.127
1001.68	1.26823417638	1.83867119891	251.061
1004.08	1.27857271927	1.89304301011	263.977
1006.48	1.28849027809	1.94990579898	277.918
1008.88	1.29797092956	2.00924814637	292.936
1011.29	1.30700766665	2.07109719244	309.096
1013.69	1.31559894845	2.13550591621	326.474
1016.09	1.32374807181	2.2025434001	345.155
1018.49	1.33146015287	2.27230272991	365.237
1020.89	1.33874167587	2.34489383893	386.83
1023.3	1.34559851972	2.42042966527	410.053
1025.7	1.35203605859	2.49902704687	435.035
1028.1	1.35805880545	2.58079572291	461.912
1030.5	1.36366936967	2.66582276998	490.822
1032.9	1.36886622937	2.75415550029	521.899
1035.31	1.37364756369	2.84578534616	555.264
1037.71	1.37800604109	2.94060433471	591.007
1040.11	1.3819312162	3.03836686415	629.165
1042.51	1.38540984966	3.13863931819	669.692
1044.92	1.38842117464	3.24072262887	712.415
1047.32	1.39094298855	3.3435701545	756.976
1049.72	1.41023818822	3.47743141145	807.598
1052.12	1.41053811717	3.57757988285	854.603
1054.52	1.41016075242	3.67073195501	899.927
1056.93	1.40904271268	3.75291510163	941.421
1059.33	1.40711013183	3.81942892394	976.426
1061.73	1.40428141513	3.86511706001	1001.94
1064.13	1.40046265274	3.88479879817	1014.93
1066.53	1.39555150535	3.87404364112	1012.87
1068.94	1.3894351002	3.82984130851	994.246
1071.34	1.38199249412	3.75143537974	959.091
1073.74	1.37309770153	3.64060180256	909.108
1076.14	1.362622046	3.50156162197	847.459
1078.54	1.35044271946	3.34037809212	778.19
1080.95	1.33645061323	3.16406375979	705.518
1083.35	1.32056298576	2.97967937071	633.214
1085.75	1.30273803909	2.7936186452	564.219
1088.15	1.2829962342	2.61120096713	500.525
1090.56	1.26143991756	2.43653344465	443.25
1092.96	1.23827590374	2.27257390394	392.816
1095.36	1.213836141	2.12131179499	349.156
1097.76	1.18858779443	1.98395162387	311.89
1100.16	1.16313277884	1.86112555129	280.474
1102.57	1.13818724881	1.7530380488	254.296
1104.97	1.11454341457	1.65958561967	232.741
1107.37	1.09300759117	1.58043156167	215.228
1109.77	1.0743296548	1.51505258662	201.228
1112.17	1.0591301288	1.46278030814	190.274
1114.58	1.04784052334	1.42282495076	181.961
1116.98	1.04066931042	1.39429484478	175.941
1119.38	1.03759569872	1.37622110387	171.917
1121.78	1.03839583083	1.36760789663	169.641
1124.18	1.04268522547	1.36744545324	168.903
1126.59	1.0499750418	1.37476595861	169.531
1128.99	1.05972641149	1.38865043784	171.381
1131.39	1.07139769254	1.40825845169	174.335
1133.79	1.08447791624	1.43285006551	178.3
1136.2	1.09850991727	1.46176736033	183.199
1138.6	1.11310077819	1.4944594657	188.975
1141.0	1.12792615037	1.53045905321	195.584
1143.4	1.14272347614	1.56938719444	202.997
1145.8	1.15728930568	1.61093310324	211.195
1148.21	1.171468454	1.65485549546	220.171
1150.61	1.18514705156	1.70097785591	229.93
1153.01	1.19824341887	1.74915959475	240.483
1155.41	1.21070212981	1.7993210542	251.855
1157.81	1.22248681628	1.85140785029	264.077
1160.22	1.23357523951	1.90540413936	277.191
1162.62	1.24395587956	1.96131766004	291.247
1165.02	1.25362390389	2.01919155908	306.308
1167.42	1.26257875708	2.07907311318	322.442
1169.82	1.27082135289	2.14103891203	339.731
1172.23	1.27835360951	2.20517171	358.265
1174.63	1.28517657025	2.271559685	378.143
1177.03	1.29128890707	2.34029838412	399.475
1179.43	1.29668607233	2.41146656832	422.375
1181.84	1.30136120264	2.48513740267	446.965
1184.24	1.30530257596	2.56134412074	473.364
1186.64	1.30849338833	2.64006576708	501.682
1189.04	1.31091185975	2.7212184375	532.015
1191.44	1.31253113528	2.80459618922	564.419
1193.85	1.31331755298	2.88984758501	598.895
1196.25	1.31323132542	2.97641085166	635.353
1198.65	1.31222639945	3.06345226873	673.572
1201.05	1.31024921868	3.14977829871	713.143
1203.45	1.30723841234	3.23375160763	753.406
1205.86	1.30312757211	3.313208837	793.38
1208.26	1.29784139537	3.38538932676	831.699
1210.66	1.29129913759	3.44694008195	866.585
1213.06	1.28341506458	3.49399856424	895.878
1215.46	1.27410101594	3.52242543231	917.171
1217.87	1.2632660252	3.52820191286	928.074
1220.27	1.25082423505	3.5079745476	926.589
1222.67	1.23669664157	3.45966981625	911.542
1225.07	1.22081922621	3.38301198811	882.93
1227.48	1.2031520805	3.27977403401	842.05
1229.88	1.18368726394	3.15366323705	791.342
1232.28	1.16246579911	3.00984591151	733.971
1234.68	1.13958581464	2.85425563403	673.301
1237.08	1.11522209127	2.69287273689	612.408
1239.49	1.08963664003	2.53115483729	553.766
1241.89	1.06319089792	2.37368836663	499.122
1244.29	1.0363496417	2.22405869637	449.528
1246.69	1.00967818271	2.08487078118	405.458
1249.09	0.983826869032	1.95787873812	366.964
1251.5	0.959503177648	1.84413263529	333.817
1253.9	0.937431267779	1.74413294786	305.626
1256.3	0.918302990379	1.65794413344	281.919
1258.7	0.902723627932	1.58531024299	262.207
1261.1	0.891163387401	1.5257176896	246.015
1263.51	0.883920354674	1.47845744541	232.903
1265.91	0.881099931538	1.4426795095	222.477
1268.31	0.882616480209	1.4174278855	214.388
1270.71	0.888213296264	1.40169469994	208.334
1273.12	0.897496276439	1.39446577789	204.058
1275.52	0.909977842525	1.39473918932	201.338
1277.92	0.92511802956	1.40157501449	199.989
1280.32	0.942367385604	1.41410372412	199.854
1282.72	0.961195207438	1.43154345381	200.802
1285.13	0.981114163006	1.45321639644	202.727
1287.53	1.00169443317	1.47852411793	205.538
1289.93	1.02256747274	1.50697210867	209.165
1292.33	1.04342835474	1.53814345497	213.551
1294.73	1.06403207124	1.5716897467	218.65
1297.14	1.08418616724	1.60734476743	224.432
1299.54	1.1037450905	1.64488555027	230.873
1301.94	1.12260069098	1.68414804391	237.961
1304.34	1.14067779222	1.72500690213	245.691
1306.74	1.15792569683	1.76737698671	254.067
1309.15	1.17431256778	1.81120589801	263.101
1311.55	1.18982163156	1.85646764589	272.812
1313.95	1.20444641301	1.90316548993	283.228
1316.35	1.21818761563	1.95131855103	294.383
1318.76	1.2310501474	2.0009685783	306.32
1321.16	1.24304165124	2.05217067299	319.089
1323.56	1.25416919825	2.10499230278	332.748
1325.96	1.26444006934	2.15952133364	347.366
1328.36	1.27385896429	2.21584243648	363.017
1330.77	1.28242734597	2.27405897933	379.788
1333.17	1.29014308207	2.33426531845	397.771
1335.57	1.29699951707	2.39655290417	417.066
1337.97	1.30298503994	2.46101284908	437.783
1340.37	1.30808233328	2.52769888695	460.03
1342.78	1.31226709498	2.59664259243	483.919
1345.18	1.31551036477	2.6678148531	509.551
1347.58	1.31777530505	2.74111333984	537.011
1349.98	1.31901707527	2.81632496306	566.351
1352.38	1.31918418461	2.89307956415	597.566
1354.79	1.3182172181	2.97080518784	630.568
1357.19	1.31604884599	3.04865469384	665.143
1359.59	1.31260442421	3.12542708904	700.899
1361.99	1.30780138451	3.19948910814	737.208
1364.4	1.30155201775	3.26869195847	773.138
1366.8	1.29376212365	3.33031644498	807.397
1369.2	1.28433659701	3.38107991752	838.306
1371.6	1.27317950008	3.4172416493	863.838
1374.0	1.26019915345	3.43484811976	881.752
1376.41	1.24531470997	3.43014659826	889.85
1378.81	1.22846327039	3.40014127762	886.344
1381.21	1.20960642033	3.34318012022	870.254
1383.61	1.18874474451	3.25944473706	841.723
1386.01	1.16592761892	3.15114038117	802.111
1388.42	1.14126844495	3.0223159287	753.811
1390.82	1.11495836929	2.8783344427	699.833
1393.22	1.08727847588	2.72515292571	643.297
1395.62	1.05861027122	2.56863160729	587.0
1398.02	1.0294396292	2.41398956186	533.139
1400.43	1.00035248191	2.26550276304	483.222
1402.83	0.972018902424	2.12640088941	438.113
1405.23	0.94517420761	1.9989612395	398.169
1407.63	0.920570181268	1.88458320152	363.366
1410.04	0.898936992271	1.78398603737	333.445
1412.44	0.880931180123	1.69734267019	308.012
1414.84	0.867089168113	1.62440867647	286.614
1417.24	0.857789859886	1.564633179	268.791
1419.64	0.853229714321	1.51723113915	254.102
1422.05	0.853418793069	1.48126165464	242.143
1424.45	0.858192104155	1.45568682177	232.553
1426.85	0.86723605838	1.43943485131	225.018
1429.25	0.880123814891	1.43143378355	219.265
1431.65	0.896356144065	1.43065807421	215.061
1434.06	0.91539842608	1.43615627474	212.209
1436.46	0.936714601402	1.44706399239	210.542
1438.86	0.959793447627	1.46261667077	209.92
1441.26	0.984165692132	1.48215666072	210.228
1443.66	1.00941658242	1.50511811848	211.369
1446.07	1.03518894147	1.53103220264	213.265
1448.47	1.06118438971	1.5595136876	215.853
1450.87	1.08715998547	1.59025503881	219.084
1453.27	1.11292327563	1.62300516377	222.918
1455.68	1.13832472315	1.6575864201	227.33
1458.08	1.16325375239	1.69385626946	232.3
1460.48	1.18763016092	1.73173099279	237.821
1462.88	1.2113993525	1.77115380202	243.891
1465.28	1.23450709226	1.81212040219	250.525
1467.69	1.25697699434	1.85464173659	257.729
1470.09	1.27878120766	1.89876882999	265.533
1472.49	1.29992223779	1.94457950448	273.971
1474.89	1.32040905783	1.99218162664	283.087
1477.29	1.34025429799	2.0417165025	292.937
1479.7	1.35947144278	2.09334415696	303.586
1482.1	1.37807652016	2.14726979011	315.116
1484.5	1.39608260428	2.2037287217	327.624
1486.9	1.41350140262	2.26298995747	341.224
1489.3	1.43034050682	2.32536838471	356.053
1491.71	1.44660446642	2.39123113572	372.275
1494.11	1.46229093744	2.46099157062	390.083
1496.51	1.47739149978	2.53512401889	409.707
1498.91	1.49188929051	2.6141629311	431.419
1501.32	1.50575836649	2.69871813749	455.544
1503.72	1.51896131957	2.78946832338	482.466
1506.12	1.53144786417	2.8871512215	512.634
1508.52	1.5431513391	2.99256959406	546.576
1510.92	1.55398817827	3.10654149087	584.894
1513.33	1.56385190189	3.22983113544	628.253
1515.73	1.57261106464	3.36303440124	677.348
1518.13	1.58010460066	3.50635832215	732.82
1520.53	1.58613751267	3.65923711871	795.08
1522.93	1.59047329151	3.81975081964	864.001
1525.34	1.59283369855	3.98369277435	938.365
1527.74	1.59288582253	4.14336220725	1015.06
1530.14	1.59024919257	4.28619315568	1088.05
1532.54	1.58449035983	4.39392761535	1147.59
1534.94	1.57513033873	4.44388671719	1180.81
1537.35	1.5616609766	4.41372076983	1174.88
1539.75	1.54357585049	4.28972952088	1122.8
1542.15	1.52041912108	4.07462806878	1028.45
1544.55	1.49185993427	3.78873202774	906.213
1546.96	1.45779243391	3.4628578923	774.719
1549.36	1.41845742597	3.12788103081	649.613
1551.76	1.37456535931	2.80760049412	540.102
1554.16	1.32739231185	2.51677243557	449.427
1556.56	1.27880133206	2.26256640446	377.025
1558.97	1.23114882168	2.04702894741	320.559
1561.37	1.18705380358	1.86918721424	277.208
1563.77	1.1490602453	1.7264714776	244.313
1566.17	1.11927117021	1.61553490149	219.618
1568.57	1.09905627931	1.53268929561	201.307
1570.98	1.08891837012	1.47416946378	187.962
1573.38	1.08853607493	1.43628506577	178.488
1575.78	1.44386797799	1.36079327777	120.789
1578.18	1.44527978063	1.36639196168	121.666
1580.58	1.45321090922	1.38185405268	123.756
1582.99	1.46603450521	1.40491995235	126.803
1585.39	1.48236989058	1.43382513659	130.619
1587.79	1.50111336078	1.46722288423	135.067
1590.19	1.52142047298	1.50410915283	140.049
1592.6	1.54266276734	1.543740341	145.495
1595.0	1.56438471892	1.58558377356	151.358
1597.4	1.58626257661	1.6292637248	157.608
1599.8	1.60806846989	1.67453626318	164.231
1602.2	1.62964529389	1.72123847827	171.222
1604.61	1.65088638943	1.76929669478	178.589
1607.01	1.67171825544	1.81868979741	186.348
1609.41	1.69209213767	1.86945730881	194.526
1611.81	1.71197214759	1.92166121619	203.155
1614.21	1.73133172439	1.9754244549	212.281
1616.62	1.75014793431	2.03088599442	221.956
1619.02	1.76839671817	2.08822274357	232.244
1621.42	1.78605221168	2.14764418314	243.221
1623.82	1.80308238747	2.20939317985	254.977
1626.22	1.81944681227	2.27375084744	267.619
1628.63	1.83509644037	2.34103236004	281.272
1631.03	1.84996919868	2.41159128093	296.083
1633.43	1.86398997433	2.48583973117	312.229
1635.83	1.8770663014	2.56422161835	329.915
1638.24	1.8890874236	2.64724868163	349.388
1640.64	1.89992179457	2.73548180684	370.939
1643.04	1.90941255566	2.82953664062	394.913
1645.44	1.91737522834	2.93008605115	421.72
1647.84	1.92359630112	3.03784398423	451.843
1650.25	1.9278274559	3.15353185544	485.844
1652.65	1.92978443804	3.27783592071	524.368
1655.05	1.92914356405	3.41131339788	568.132
1657.45	1.92554227845	3.55424642673	617.892
1659.85	1.91857561549	3.70638941721	674.363
1662.26	1.90780552662	3.86659062923	738.062
1664.66	1.89276091492	4.03222145266	809.028
1667.06	1.87295349815	4.19839732594	886.361
1669.46	1.84789330905	4.35705024504	967.562
1671.86	1.81711609181	4.4961103771	1047.76
1674.27	1.78021552985	4.59945954723	1119.21
1676.67	1.73688827985	4.6484179619	1171.68
1679.07	1.68698496038	4.62580193786	1194.63
1681.47	1.63056503482	4.5216195873	1180.92
1683.88	1.56795389219	4.33802125025	1130.37
1686.28	1.49978668327	4.08982528669	1050.39
1688.68	1.42703500209	3.80005494012	953.05
1691.08	1.35100515985	3.49319855491	850.668
1693.48	1.27329407938	3.18977911159	752.598
1695.89	1.19571031346	2.90412119852	664.315
1698.29	1.12015772752	2.64458180417	588.038
1700.69	1.04849878562	2.4149720473	523.874
1703.09	0.982416539107	2.21609625814	470.817
1705.49	0.923297190176	2.04697189959	427.418
1707.9	0.872149030042	1.90566320104	392.168
1710.3	0.829565204565	1.78978509534	363.682
1712.7	0.795735531717	1.6967716535	340.76
1715.1	0.770489682928	1.62404606859	322.404
1717.5	0.753370477001	1.56910467117	307.798
1719.91	0.74371185075	1.52956348053	296.279
1722.31	0.740719029553	1.50321595537	287.316
1724.71	0.743537027617	1.48805871114	280.484
1727.11	0.751306461452	1.4822996238	275.439
1729.52	0.763203255732	1.48438248026	271.908
1731.92	0.778465369989	1.49296864341	269.67
1734.32	0.796407982159	1.50693701423	268.55
1736.72	0.81642891561	1.52535179973	268.406
1739.12	0.838008924513	1.54744799717	269.125
1741.53	0.860706499152	1.57260843637	270.618
1743.93	0.884151575534	1.60033979615	272.815
1746.33	0.908037104351	1.63024989586	275.661
1748.73	0.932110882816	1.66203771874	279.116
1751.13	0.956167289042	1.69546935326	283.15
1753.54	0.98003974667	1.73037890588	287.746
1755.94	1.00359442697	1.76664715923	292.895
1758.34	1.02672332054	1.80419177567	298.595
1760.74	1.04934001432	1.8429752297	304.855
1763.14	1.07137431226	1.88298158347	311.689
1765.55	1.09276864136	1.92423098849	319.122
1767.95	1.11347548218	1.96675568589	327.183
1770.35	1.13345314135	2.01062258867	335.914
1772.75	1.15266425032	2.05590672518	345.362
1775.16	1.17107314886	2.10271139942	355.587
1777.56	1.18864409075	2.15114966944	366.657
1779.96	1.20533954172	2.20136100912	378.655
1782.36	1.22111825445	2.25349452761	391.675
1784.76	1.235934022	2.30771566115	405.826
1787.17	1.24973414011	2.36420842972	421.235
1789.57	1.2624577179	2.42316783736	438.047
1791.97	1.27403440756	2.48479727497	456.427
1794.37	1.28438315044	2.5493018956	476.561
1796.77	1.29341037862	2.61688288078	498.658
1799.18	1.30100909601	2.68772586114	522.95
1801.58	1.30705777232	2.76196559764	549.683
1803.98	1.31141849087	2.83967918619	579.119
1806.38	1.31393691642	2.92081304125	611.51
1808.78	1.3144433384	3.00513954339	647.08
1811.19	1.31275090352	3.09215752198	685.98
1813.59	1.30865963536	3.18097072955	728.221
1815.99	1.30195851457	3.2701219188	773.573
1818.39	1.29243182496	3.35740568696	821.43
1820.8	1.27986621872	3.43965843601	870.636
1823.2	1.26406220899	3.51258709485	919.298
1825.6	1.24484901579	3.57070805047	964.634
1828.0	1.22210237491	3.60756903434	1002.98
1830.4	1.19576980858	3.61641453015	1030.1
1832.81	1.16588508712	3.59117736	1041.81
1835.21	1.1326097723	3.52805654473	1035.05
1837.61	1.09624812274	3.42675022884	1008.85
1840.01	1.05726881288	3.29108695336	964.859
1842.41	1.01631307286	3.12859506904	907.072
1844.82	0.974192362852	2.94904827709	840.794
1847.22	0.931862407784	2.76267367142	771.397
1849.62	0.89038163379	2.57863821633	703.356
1852.02	0.850851324439	2.40414668684	639.792
1854.42	0.814343069505	2.244213396	582.494
1856.83	0.781825375884	2.10183623903	532.18
1859.23	0.754096924442	1.97839094967	488.841
1861.63	0.73173826697	1.87403697173	452.034
1864.03	0.715085438036	1.78809648188	421.109
1866.44	0.704230420711	1.71933176398	395.344
1868.84	0.699042173946	1.66618680733	374.037
1871.24	0.699205848033	1.62694624215	356.543
1873.64	0.704269696211	1.59986226575	342.292
1876.04	0.713693135416	1.58325164522	330.795
1878.45	0.726893011372	1.57555527153	321.638
1880.85	0.743279825747	1.57537001297	314.473
1883.25	0.762287171448	1.58147013592	309.011
1885.65	0.783390767609	1.59280164492	305.011
1888.05	0.806119435326	1.60848216307	302.276
1890.46	0.830062061686	1.62777940922	300.643
1892.86	0.854865888465	1.65009297943	299.978
1895.26	0.880235653782	1.67493733694	300.171
1897.66	0.90592828241	1.70193499283	301.136
1900.06	0.931746506961	1.73077584259	302.799
1902.47	0.957533712618	1.761234284	305.106
1904.87	0.98316778934	1.79313531619	308.013
1907.27	1.00855518062	1.82635212894	311.487
1909.67	1.03362572345	1.86080209241	315.506
1912.08	1.05832897708	1.89643538546	320.056
1914.48	1.08262988824	1.93323768283	325.133
1916.88	1.10650530929	1.97120985796	330.737
1919.28	1.12994114165	2.01039265843	336.881
1921.68	1.15293013363	2.05083231861	343.58
1924.09	1.17546945883	2.09260829847	350.861
1926.49	1.1975594521	2.1358111429	358.756
1928.89	1.21920098048	2.18055464236	367.307
1931.29	1.24039485842	2.22697453614	376.566
1933.69	1.26114021483	2.27522001872	386.593
1936.1	1.28143298996	2.32546858517	397.462
1938.5	1.30126422721	2.37791350914	409.258
1940.9	1.32058238042	2.4327468226	422.084
1943.3	1.33943931794	2.49026966814	436.054
1945.7	1.35776644812	2.55072013208	451.306
1948.11	1.3755208618	2.61439240526	467.999
1950.51	1.3926455374	2.68159632626	486.314
1952.91	1.40906799104	2.75266985903	506.462
1955.31	1.42469594776	2.82795344172	528.68
1957.72	1.43941329403	2.90778767201	553.236
1960.12	1.45307849146	2.99248211817	580.423
1962.52	1.46551776616	3.08228658071	610.556
1964.92	1.47652020985	3.17731659881	643.95
1967.32	1.48583381969	3.27747173769	680.892
1969.73	1.49316054525	3.38229919397	721.586
1972.13	1.49814874004	3.49077517632	766.054
1974.53	1.50039370814	3.60105321728	814.0
1976.93	1.49943293757	3.71008491439	864.592
1979.33	1.49475057825	3.81320956352	916.185
1981.74	1.48578813822	3.90378393724	966.018
1984.14	1.47195779077	3.97304135044	1010.0
1986.54	1.45267623089	4.01049116655	1042.79
1988.94	1.42740541278	4.00536433549	1058.54
1991.34	1.39571208176	3.94888212144	1052.26
1993.75	1.35734202332	3.83722100752	1021.68
1996.15	1.31230241823	3.67343642846	968.46
1998.55	1.26094493008	3.46756140842	898.096
2000.95	1.20402880611	3.23423363082	818.232
2003.36	1.14274979716	2.98927832044	736.465
2005.76	1.0787127117	2.74672851089	658.713
2008.16	1.01383823309	2.51720608583	588.626
2010.56	0.950212159136	2.30764151947	527.821
2012.96	0.889893835828	2.12182172417	476.486
2015.37	0.834723458927	1.96117741956	433.972
2017.77	0.786162854182	1.82554192186	399.247
2020.17	0.745198603971	1.71373475724	371.181
2022.57	0.712315352813	1.62394937694	348.693
2024.97	0.687537346188	1.55404175547	330.826
2027.38	0.670512411756	1.50171462708	316.766
2029.78	0.660616886072	1.46464282239	305.833
2032.18	0.657063186699	1.44059553514	297.473
2034.58	0.658990072368	1.42750186644	291.236
2036.98	0.66553470278	1.42350370359	286.759
2039.39	0.675880800663	1.42697690633	283.749
2041.79	0.689288792624	1.43654197684	281.972
2044.19	0.70510907799	1.45104163331	281.238
2046.59	0.722786934776	1.46953386348	281.397
2049.0	0.741857172066	1.49125476919	282.328
2051.4	0.7619373182	1.51559724649	283.935
2053.8	0.782717914409	1.54208446123	286.142
2056.2	0.803951961179	1.57034842718	288.89
2058.6	0.825445371763	1.60010763568	292.133
2061.01	0.847048212815	1.63115699957	295.838
2063.41	0.868646491926	1.66335080656	299.982
2065.81	0.890156157867	1.69659364197	304.551
2068.21	0.91151613563	1.73082510151	309.537
2070.61	0.93268465369	1.76602735361	314.942
2073.02	0.953635218332	1.80221299757	320.775
2075.42	0.974352935514	1.83941875202	327.051
2077.82	0.994832168504	1.87770317778	333.791
2080.22	1.01507439215	1.91715858249	341.027
2082.62	1.035085884	1.95789167972	348.796
2085.03	1.05487700011	2.00003928788	357.146
2087.43	1.07446031299	2.04375741825	366.133
2089.83	1.09384917905	2.08923010686	375.825
2092.23	1.11305737528	2.13667594383	386.305
2094.64	1.13209777313	2.18634477374	397.671
2097.04	1.15098018072	2.23851581151	410.037
2099.44	1.16971137125	2.29352157631	423.543
2101.84	1.18829288633	2.35173541953	438.353
2104.24	1.20671932417	2.41358534562	454.663
2106.65	1.22497561931	2.47956431755	472.709
2109.05	1.24303535081	2.55023070946	492.772
2111.45	1.26085556828	2.62621998947	515.19
2113.85	1.27837354407	2.70823539147	540.363
2116.25	1.29550154476	2.79706649963	568.772
2118.66	1.31211705025	2.89354055587	600.976
2121.06	1.32805648993	2.99849935443	637.62
2123.46	1.34310353772	3.11270748745	679.419
2125.86	1.35697567936	3.23666776769	727.101
2128.26	1.36930819777	3.37032032116	781.289
2130.67	1.37963839379	3.51252699304	842.257
2133.07	1.38738627865	3.66019735167	909.457
2135.47	1.39184163291	3.80706153816	980.755
2137.87	1.39215290503	3.94206323581	1051.31
2140.28	1.38733645411	4.0480682042	1112.46
2142.68	1.37630839359	4.10229793574	1151.62
2145.08	1.35796017351	4.08062481887	1154.88
2147.48	1.33128432571	3.96660697769	1113.11
2149.88	1.29556802617	3.76130484384	1028.46
2152.29	1.25063067942	3.48574982006	915.027
2154.69	1.19707110264	3.17302284058	792.131
2157.09	1.13644347219	2.85596996029	675.974
2159.49	1.07126455085	2.55886868587	575.665
2161.89	1.00479239655	2.29561820477	493.962
2164.3	0.940582776842	2.07183915158	429.819
2166.7	0.881942246337	1.88785491355	380.599
2169.1	0.831443606131	1.74106941932	343.376
2171.5	0.790647089463	1.62749182828	315.519
2173.9	0.760070214648	1.54260474366	294.867
2176.31	0.739362413679	1.48188492361	279.732
2178.71	0.727577156673	1.4410671829	268.819
2181.11	0.723450736968	1.41632922536	261.15
2183.51	0.725627127864	1.40436640121	255.987
2185.92	0.732810161668	1.40241536696	252.774
2188.32	0.743848840287	1.40822971156	251.092
2190.72	0.757770719805	1.42001879346	250.623
2193.12	0.773783978802	1.43637498172	251.123
2195.52	0.7912628508	1.45622179332	252.409
2197.93	0.809723855311	1.47873557298	254.34
2200.33	0.828801186199	1.50329194591	256.807
2202.73	0.848223504499	1.52942877541	259.728
2205.13	0.867793984423	1.55680990674	263.042
2207.53	0.887374150255	1.58518673203	266.701
2209.94	0.906869768735	1.61439144773	270.672
2212.34	0.92622091936	1.64431363641	274.932
2214.74	0.945393623374	1.67488412696	279.465
2217.14	0.964373100181	1.70607529949	284.264
2219.54	0.98316014069	1.7378922018	289.329
2221.95	1.00176616002	1.77035638446	294.663
2224.35	1.02021121921	1.80352233407	300.278
2226.75	1.03852186828	1.83745463649	306.188
2229.15	1.05673002803	1.87224501518	312.415
2231.56	1.07487147046	1.90800487487	318.987
2233.96	1.0929848251	1.94486122599	325.937
2236.36	1.11111192799	1.98295969843	333.304
2238.76	1.1292969684	2.02248117113	341.139
2241.16	1.14758653224	2.06362619207	349.5
2243.57	1.1660279265	2.10662152422	358.455
2245.97	1.18467170258	2.15173882942	368.088
2248.37	1.20356994991	2.19928548897	378.497
2250.77	1.22277589253	2.24963105997	389.804
2253.17	1.24234301356	2.30318868071	402.15
2255.58	1.2623265008	2.36046111429	415.712
2257.98	1.28278058073	2.42202907655	430.702
2260.38	1.30375756904	2.4885872976	447.383
2262.78	1.32530502288	2.56096047378	466.08
2265.18	1.34746260364	2.64013585109	487.199
2267.59	1.37025762047	2.72728669945	511.246
2269.99	1.39369738555	2.82381951995	538.86
2272.39	1.4177567343	2.93140754736	570.849
2274.79	1.44236520531	3.05200963378	608.229
2277.2	1.46738281173	3.18786168631	652.268
2279.6	1.49256872547	3.34137930039	704.511
2282.0	1.51753913421	3.5148358565	766.727
2284.4	1.54170664994	3.70963524291	840.681
2286.8	1.56420275458	3.92467700179	927.439
2289.21	1.58378110576	4.15318182304	1025.74
2291.61	1.59871138342	4.37712567472	1128.7
2294.01	1.60667972601	4.56026558372	1219.05
2296.41	1.60475834767	4.64559128113	1266.61
2298.81	1.58952019256	4.57126216856	1238.16
2301.22	1.5574292634	4.31049040917	1123.61
2303.62	1.50561776698	3.9017192226	952.287
2306.02	1.43301730645	3.42717617381	771.955
2308.42	1.34151980919	2.96318434671	616.44
2310.82	1.23652548428	2.55403682356	496.846
2313.23	1.12626556874	2.21535888199	410.41
2315.63	1.01990576126	1.94654124652	349.895
2318.03	0.925264551532	1.74011838082	308.221
2320.43	0.847255543327	1.5866144075	279.833
2322.84	0.787583201326	1.47658214163	260.729
2325.24	0.745426331284	1.40136001411	248.122
2327.64	0.7184878804	1.35335984952	240.092
2330.04	0.703918448391	1.3261802171	235.317
2332.44	0.698923695219	1.31461191206	232.882
2334.85	0.701067811359	1.31454180105	232.145
2337.25	0.708372219232	1.32282565447	232.656
2339.65	0.719301255762	1.33709854203	234.092
2342.05	0.732699459912	1.35561956056	236.222
2344.45	0.747716627846	1.37712715958	238.881
2346.86	0.763737793168	1.40070308179	241.946
2349.26	0.780325400676	1.4256992508	245.33
2351.66	0.79717290229	1.45165860702	248.97
2354.06	0.814069990756	1.47825871253	252.819
2356.46	0.830876088471	1.50528680116	256.846
2358.87	0.84750120524	1.53259861977	261.028
2361.27	0.863891850686	1.56011133135	265.352
2363.67	0.880020935998	1.58777969246	269.81
2366.07	0.895880347742	1.61559525794	274.401
2368.48	0.911475332395	1.64356667071	279.126
2370.88	0.926821044403	1.67172838356	283.992
2373.28	0.941939606949	1.70012922505	289.009
2375.68	0.956858458438	1.72883092781	294.19
2378.08	0.971608705514	1.75790956996	299.552
2380.49	0.986224442948	1.78745489728	305.116
2382.89	1.00074239277	1.81756696381	310.906
2385.29	1.01520082549	1.8483637788	316.952
2387.69	1.02964069051	1.87997333373	323.287
2390.09	1.04410384212	1.91254626426	329.952
2392.5	1.05863470675	1.94624819973	336.993
2394.9	1.07327986412	1.98127907358	344.468
2397.3	1.08808805454	2.01785499216	352.441
2399.7	1.10311065853	2.05623358173	360.991
2402.1	1.11840197693	2.09671837862	370.214
2404.51	1.13401957444	2.13965714115	380.223
2406.91	1.15002371213	2.18546406956	391.157
2409.31	1.16647858667	2.23463104035	403.186
2411.71	1.18345066182	2.28775383608	416.523
2414.12	1.20100992458	2.34554729946	431.432
2416.52	1.21922594427	2.40887924149	448.246
2418.92	1.23816730115	2.47882017685	467.392
2421.32	1.25789720821	2.55668785978	489.419
2423.72	1.27846535701	2.6441238275	515.045
2426.13	1.29989743327	2.7431652215	545.212
2428.53	1.3221780749	2.85634666973	581.169
2430.93	1.34522099597	2.9867745777	624.571
2433.33	1.36882755949	3.13815584205	677.596
2435.73	1.39262100298	3.31460241369	743.02
2438.14	1.41594750692	3.5198212757	824.071
2440.54	1.43773667969	3.75486426614	923.591
2442.94	1.45631271586	4.01252233176	1041.24
2445.34	1.46916817869	4.26579807682	1166.54
2447.74	1.47276472812	4.45110665536	1266.99
2450.15	1.46252173045	4.46663297162	1284.78
2452.55	1.43328688417	4.22939084944	1175.42
2454.95	1.38067454318	3.76931839941	969.181
2457.35	1.30333450003	3.21931786271	748.932
2459.76	1.20528868009	2.70341149672	571.089
2462.16	1.09643692925	2.27970862154	446.422
2464.56	0.989863554423	1.95728797468	364.506
2466.96	0.897177941589	1.72431616596	312.123
2469.36	0.82503887014	1.56351020382	279.06
2471.77	0.774692928456	1.45807675544	258.465
2474.17	0.743703459744	1.39358833596	245.946
2476.57	0.728080827301	1.35846361449	238.719
2478.97	0.723764122974	1.34385023883	235.004
2481.37	0.727319002447	1.34326574109	233.652
2483.78	0.736113185219	1.35210231438	233.908
2486.18	0.748245203987	1.36716486886	235.271
2488.58	0.762390870892	1.38626045827	237.401
2490.98	0.777653075839	1.40790971009	240.068
2493.38	0.793436666061	1.43111635279	243.113
2495.79	0.809356741076	1.45521773157	246.426
2498.19	0.825170015062	1.47976890133	249.928
2500.59	0.840729988069	1.50449610662	253.569
2502.99	0.855955424371	1.52921824355	257.311
